155.156,26830
155.157,26786
129.192,6826
209.112,6727
63.219,6703
200.4,1612
148.163,427
216.158,218
208.91,209
79.133,177
12.241,177
21.49,176
126.30,176
217.187,176
37.125,174
173.89,174
208.198,108
87.238,89
100.129,89
72.92,89
27.43,89
163.130,89
107.226,89
131.238,89
16.214,89
245.172,89
138.112,89
122.205,89
110.194,89
194.220,89
233.90,89
155.160,89
24.203,89
74.54,89
185.220,89
253.169,89
67.0,89
193.206,89
37.62,89
41.224,89
74.78,89
74.72,89
121.38,89
49.35,89
94.220,89
33.212,89
247.54,89
141.55,89
49.121,89
73.113,89
213.46,89
24.245,89
63.144,89
193.251,89
250.117,89
185.95,89
197.69,89
34.244,89
212.255,89
25.40,89
213.59,89
199.21,89
94.240,89
98.59,89
39.129,89
247.36,89
73.137,89
234.134,89
170.173,89
239.196,89
190.93,89
203.22,89
62.114,89
214.247,89
82.63,89
82.64,89
200.185,89
145.62,89
145.67,89
93.222,89
62.104,89
69.98,89
158.188,89
62.105,89
192.252,89
93.246,89
157.65,89
242.153,89
38.146,89
220.6,89
94.55,89
70.149,89
170.13,89
170.12,89
233.7,89
9.100,89
215.46,89
92.222,89
72.173,89
215.245,89
249.69,89
137.161,89
221.244,89
43.227,89
72.166,89
191.233,89
21.219,89
108.234,89
29.32,89
155.56,89
157.16,89
27.67,89
86.244,89
242.112,89
1.92,89
178.231,89
39.49,89
129.120,89
208.118,89
222.3,89
242.129,89
71.141,89
239.50,89
124.77,89
183.46,89
4.205,89
240.129,89
190.229,89
89.85,89
91.229,89
99.114,89
11.39,89
43.211,89
157.204,89
226.197,89
112.161,89
210.168,89
149.214,89
210.171,89
183.39,89
33.21,89
148.79,89
247.219,89
91.251,89
141.4,89
104.24,89
240.163,89
181.66,89
82.100,89
193.42,89
69.48,89
84.112,89
159.228,89
160.238,89
219.13,89
39.0,89
112.119,89
15.185,89
184.160,89
44.212,89
230.3,89
230.60,89
255.132,89
84.133,89
77.248,89
43.21,89
41.85,89
51.119,89
181.146,89
35.73,89
99.53,89
187.12,89
27.146,89
220.26,89
163.24,89
239.8,89
126.71,89
17.200,89
172.201,89
23.68,89
168.105,89
240.175,89
126.65,89
196.103,89
59.9,89
188.241,89
227.153,89
89.25,89
153.11,89
110.170,89
173.39,89
173.238,89
130.235,89
232.57,89
55.54,89
81.138,89
168.156,89
234.20,89
210.51,89
97.148,89
173.208,89
79.32,89
7.62,89
27.171,89
180.110,89
222.41,89
222.44,89
21.91,89
161.71,89
151.34,89
244.40,89
234.43,89
41.145,89
26.75,89
200.33,89
8.221,89
123.111,89
164.96,89
41.157,89
142.70,89
138.230,89
32.109,89
56.231,89
194.139,89
32.101,89
210.95,89
16.10,89
88.183,89
234.69,89
187.185,89
10.255,89
85.76,89
142.94,89
33.114,89
166.45,89
108.172,89
25.137,89
154.64,89
116.112,89
187.122,89
248.12,89
3.164,89
221.191,89
194.172,89
174.80,89
38.16,89
213.183,89
78.127,89
188.35,89
25.199,89
132.107,89
132.106,89
244.219,89
117.171,89
7.235,89
116.132,89
106.132,89
212.137,89
49.237,89
106.130,89
203.0,89
130.67,89
133.129,89
118.194,89
230.163,89
227.234,89
236.29,89
86.152,89
62.240,89
249.117,89
185.166,89
215.173,89
250.241,89
94.139,89
199.235,89
29.220,89
134.68,89
28.70,89
61.21,89
158.19,89
18.49,89
18.47,89
109.130,89
120.88,89
234.229,89
51.3,89
136.226,89
83.43,89
50.152,89
1.154,89
132.67,89
191.26,89
235.242,89
222.151,89
185.110,89
15.108,89
121.139,89
222.155,89
236.234,89
17.171,89
61.54,89
204.57,89
142.148,89
51.28,89
112.19,89
245.7,89
216.43,89
146.11,89
110.86,89
204.60,89
105.183,89
32.75,89
101.83,89
32.71,89
91.110,89
4.17,89
99.236,89
45.182,89
251.36,89
135.158,89
59.112,89
143.138,89
10.49,89
164.5,89
159.18,89
145.91,89
150.238,89
62.158,89
248.109,89
160.122,89
120.187,89
91.157,89
82.210,89
159.134,89
169.85,89
217.152,89
202.169,89
126.228,89
218.50,89
93.55,89
125.65,89
208.195,89
32.26,89
62.137,89
208.191,89
182.238,89
30.72,89
149.141,89
115.13,89
45.127,89
18.112,89
150.81,89
74.137,89
118.160,89
230.113,89
195.207,89
149.150,89
3.122,89
117.125,89
162.178,89
139.56,89
6.45,89
227.6,89
76.57,89
139.61,89
144.103,89
217.114,89
69.204,89
3.103,89
82.225,89
118.159,89
7.166,89
140.71,89
196.224,89
35.190,89
208.75,89
233.33,89
75.134,89
46.47,89
74.109,89
60.161,89
139.227,89
145.103,89
25.234,89
34.45,89
167.218,89
61.183,89
253.246,89
151.7,89
103.109,89
139.43,89
163.135,88
72.93,88
172.196,88
201.10,88
221.81,88
1.216,88
9.152,88
164.192,88
49.136,88
140.245,88
7.124,88
148.112,88
57.169,88
247.35,88
1.23,88
161.125,88
70.70,88
179.217,88
59.50,88
213.70,88
203.33,88
133.83,88
82.86,88
237.133,88
39.163,88
179.74,88
109.254,88
238.164,88
70.148,88
233.2,88
92.233,88
190.67,88
244.174,88
207.227,88
243.152,88
113.201,88
227.57,88
214.221,88
179.33,88
14.203,88
85.211,88
72.83,88
70.107,88
90.81,88
43.94,88
143.238,88
91.236,88
94.9,88
240.61,88
68.122,88
189.206,88
215.231,88
80.56,88
119.204,88
84.107,88
224.165,88
85.150,88
199.148,88
216.213,88
166.162,88
39.7,88
230.23,88
223.141,88
222.109,88
102.79,88
92.78,88
28.127,88
85.180,88
77.32,88
40.179,88
173.77,88
240.195,88
180.106,88
99.41,88
197.59,88
101.225,88
130.242,88
11.100,88
169.146,88
145.233,88
226.120,88
145.247,88
35.24,88
210.36,88
203.209,88
180.117,88
79.31,88
189.246,88
195.114,88
47.235,88
182.195,88
115.114,88
162.216,88
132.22,88
170.200,88
2.160,88
142.81,88
88.178,88
26.165,88
228.235,88
125.174,88
3.174,88
55.0,88
212.52,88
188.172,88
130.42,88
200.83,88
108.198,88
236.46,88
96.179,88
155.240,88
88.0,88
193.3,88
93.74,88
83.39,88
193.148,88
93.61,88
49.204,88
114.178,88
62.0,88
109.67,88
2.21,88
23.144,88
97.9,88
136.224,88
208.204,88
71.88,88
2.30,88
16.131,88
144.197,88
193.184,88
204.55,88
2.61,88
57.209,88
185.138,88
202.182,88
21.129,88
192.186,88
194.70,88
189.107,88
56.71,88
160.72,88
206.39,88
143.135,88
194.52,88
190.131,88
234.188,88
216.88,88
251.46,88
82.216,88
11.208,88
56.95,88
157.83,88
253.50,88
36.166,88
192.86,88
13.233,88
58.55,88
134.147,88
80.8,88
190.178,88
249.132,88
222.216,88
204.197,88
186.37,88
153.255,88
246.157,88
174.41,88
253.99,88
204.178,88
196.233,88
180.206,88
20.199,88
12.60,88
184.90,88
168.217,88
34.69,88
203.116,88
150.31,88
118.133,88
118.137,88
231.86,88
103.142,88
80.225,88
205.182,88
119.139,88
253.253,88
73.173,87
163.138,87
221.94,87
49.71,87
194.246,87
153.84,87
73.169,87
39.24,87
223.19,87
223.20,87
63.100,87
172.169,87
211.77,87
106.218,87
143.67,87
82.190,87
153.94,87
1.220,87
235.55,87
94.232,87
252.177,87
175.59,87
251.131,87
248.3,87
213.34,87
156.159,87
37.40,87
80.188,87
223.62,87
49.23,87
116.219,87
100.101,87
205.217,87
141.72,87
94.250,87
25.41,87
8.169,87
115.211,87
64.189,87
211.211,87
40.225,87
88.246,87
148.102,87
39.173,87
157.146,87
157.144,87
121.88,87
234.137,87
184.246,87
121.75,87
249.229,87
225.48,87
38.112,87
69.96,87
84.207,87
237.52,87
192.17,87
50.11,87
235.146,87
169.33,87
112.210,87
30.32,87
135.44,87
131.89,87
241.121,87
72.55,87
206.201,87
40.61,87
207.232,87
65.125,87
120.228,87
59.139,87
215.54,87
180.24,87
94.78,87
96.9,87
158.145,87
92.228,87
113.12,87
155.57,87
114.228,87
15.89,87
129.110,87
141.218,87
199.91,87
227.53,87
49.99,87
177.92,87
237.173,87
29.166,87
189.215,87
33.56,87
241.164,87
148.50,87
143.230,87
240.59,87
189.227,87
190.233,87
29.170,87
174.237,87
102.50,87
158.85,87
3.49,87
138.18,87
227.91,87
53.142,87
239.75,87
102.17,87
67.86,87
171.72,87
29.191,87
229.28,87
165.104,87
184.157,87
67.147,87
84.108,87
254.101,87
13.106,87
148.17,87
59.10,87
57.74,87
166.163,87
233.244,87
216.203,87
159.254,87
70.189,87
181.43,87
68.170,87
94.23,87
183.138,87
248.221,87
182.110,87
163.33,87
110.138,87
98.170,87
169.165,87
101.219,87
227.189,87
11.115,87
82.126,87
219.54,87
55.158,87
99.197,87
173.249,87
209.28,87
202.247,87
202.245,87
19.250,87
110.117,87
254.139,87
13.31,87
30.203,87
87.82,87
173.93,87
83.149,87
55.136,87
67.10,87
11.163,87
211.188,87
112.188,87
210.145,87
226.187,87
13.185,87
18.202,87
74.230,87
168.154,87
151.17,87
203.248,87
33.70,87
104.88,87
13.198,87
35.12,87
254.163,87
232.82,87
116.79,87
154.192,87
82.168,87
218.221,87
185.11,87
106.32,87
161.72,87
153.146,87
219.5,87
57.17,87
12.178,87
170.218,87
96.158,87
129.80,87
162.211,87
88.157,87
176.67,87
178.133,87
85.41,87
251.203,87
154.206,87
95.84,87
63.220,87
236.7,87
133.178,87
138.200,87
25.125,87
220.138,87
201.1,87
39.200,87
14.84,87
142.99,87
206.178,87
170.227,87
25.136,87
226.213,87
18.157,87
24.141,87
17.108,87
97.77,87
106.110,87
137.208,87
200.73,87
97.72,87
178.160,87
95.166,87
176.21,87
194.177,87
120.63,87
202.17,87
79.168,87
198.40,87
78.134,87
7.232,87
189.199,87
236.41,87
148.242,87
24.75,87
236.34,87
234.92,87
19.180,87
23.106,87
116.118,87
152.88,87
241.207,87
62.242,87
113.109,87
71.40,87
71.57,87
186.198,87
94.177,87
191.46,87
31.13,87
61.26,87
179.116,87
193.164,87
224.90,87
16.73,87
193.194,87
216.170,87
122.87,87
229.204,87
234.7,87
235.232,87
120.111,87
61.65,87
178.60,87
95.64,87
70.230,87
23.189,87
101.8,87
99.250,87
37.160,87
241.12,87
119.127,87
32.85,87
83.222,87
160.51,87
239.227,87
182.216,87
143.113,87
194.74,87
143.118,87
28.228,87
232.139,87
182.94,87
5.143,87
83.205,87
159.54,87
194.66,87
218.18,87
67.200,87
20.104,87
238.213,87
175.136,87
216.154,87
45.174,87
32.55,87
37.179,87
44.124,87
176.164,87
247.107,87
191.177,87
136.186,87
22.192,87
22.21,87
240.214,87
81.24,87
194.47,87
76.107,87
82.217,87
31.179,87
32.49,87
125.204,87
145.176,87
30.141,87
181.228,87
197.243,87
190.159,87
80.0,87
176.141,87
120.189,87
160.109,87
103.37,87
126.227,87
254.200,87
113.81,87
113.71,87
222.211,87
149.149,87
51.237,87
180.216,87
117.117,87
3.120,87
205.9,87
69.221,87
210.222,87
54.251,87
253.221,87
32.193,87
150.90,87
255.33,87
218.85,87
162.57,87
96.208,87
12.52,87
103.77,87
97.227,87
245.124,87
174.168,87
219.164,87
125.229,87
160.0,87
7.160,87
230.125,87
203.140,87
210.219,87
221.23,87
47.152,87
210.210,87
125.211,87
4.120,87
184.57,87
129.40,87
174.148,87
247.158,87
47.7,87
172.64,87
132.183,87
88.74,87
88.72,87
74.106,87
96.243,87
10.245,87
174.151,87
25.238,87
68.18,87
189.114,87
105.52,87
49.198,87
231.106,87
195.237,87
44.79,87
211.34,87
248.184,87
152.237,87
75.123,87
150.68,87
122.226,86
163.74,86
81.191,86
173.160,86
87.205,86
245.92,86
138.131,86
100.161,86
184.201,86
165.194,86
80.63,86
199.163,86
25.28,86
242.73,86
196.102,86
103.239,86
19.227,86
95.87,86
50.187,86
7.90,86
34.120,86
164.63,86
41.71,86
222.133,86
221.136,86
44.173,86
77.178,86
203.153,86
6.103,86
18.102,86
55.113,85
221.24,85
64.34,14
